0
29 13 10 29 21 27 1 18 20 1 1 26 12 21 49 46 
1
36 29 12 47 16 27 1 28 15 3 49 14 21 20 43 42 
2
10 42 35 15 23 41 6 1 33 49 27 18 9 28 23 1 
3
48 36 32 19 31 3 10 12 17 38 3 15 15 40 36 44 
4
26 46 27 7 34 35 31 40 19 36 45 18 29 1 2 42 
5
40 48 23 16 35 1 20 1 35 43 10 29 19 36 19 46 
6
49 37 19 17 27 1 21 5 29 49 11 29 28 46 36 38 
7
14 6 6 1 30 30 10 24 32 24 21 34 20 22 22 33 
8
49 43 19 17 30 1 27 1 25 36 2 25 10 39 32 41 
9
26 23 6 41 24 30 3 19 6 9 42 13 21 25 39 49 
10
31 23 6 50 24 32 3 19 16 9 50 21 17 17 46 43 
11
3 49 28 8 25 32 13 3 26 47 23 14 10 20 33 11 
12
21 14 14 37 50 28 3 30 10 20 12 30 20 20 15 26 
13
31 23 6 20 24 32 3 19 26 9 2 21 17 17 46 43 
14
21 13 14 3 50 14 3 30 10 20 12 30 1 20 15 11 
15
19 39 28 3 26 36 30 35 24 43 48 16 23 6 9 41 
16
3 25 28 18 16 8 28 32 26 14 23 37 17 17 20 31 
17
21 14 6 3 24 28 3 30 26 20 12 30 17 20 15 26 
18
21 14 14 3 50 28 3 30 10 20 12 30 20 20 15 26 
19
45 45 28 16 33 9 20 4 26 44 8 23 19 45 28 40 
