0
38 13 37 1
5 4 7 5 
48 4 1 8 
19 11 1 1
1
28 23 31 27 
9 9 9 1 
44 10 4 10 
20 1 15 1
2
46 42 29 20 
10 4 17 1 
44 1 1 1 
11 17 12 1
3
41 23 41 13 
11 10 1 1 
49 1 1 1 
1 4 8 1
4
43 26 30 1 
3 1 9 3 
49 1 1 1 
12 4 1 1
5
42 22 25 1 
4 13 10 15 
48 1 11 4 
14 18 4 1
6
36 24 40 2 
1 12 1 1 
48 7 6 1 
18 1 1 1
7
44 18 22 14 
16 1 2 7 
49 1 4 2 
6 1 10 10
8
49 36 35 3 
19 2 4 6 
44 1 1 6 
10 2 11 1
9
49 38 24 19 
19 10 11 9 
46 1 9 1
2 8 19 6
10
36 23 32 18 
15 1 1 1 
48 10 1 3 
3 10 1 1
11
49 36 32 11 
15 2 4 1 
44 1 1 1
17 2 17 1
12
49 29 40 18 
10 1 1 1 
36 1 1 1 
25 4 17 1
13
33 21 40 1 
7 7 1 9
48 2 1 3 
13 9 1 1
14
41 29 40 5 
10 1 1 1 
48 1 1 7 
11 4 1 1
15
33 23 33 1 
19 1 10 1 
42 10 1 3 
12 17 1 6
16
33 21 33 1 
7 7 1 9 
42 2 10 7 
13 9 3 1
17
49 41 31 12 
19 10 10 1 
38 4 1 4 
12 17 12 6
18
36 23 32 18 
10 2 4 1 
48 10 1 1 
11 4 10 1
19
36 23 32 18 
15 1 1 1 
48 10 1 3
3 10 1 1